P001,2,30,20,15,10,true
P002,1,25.0,18,12,8,true
P003,3,35.0,22,17,12,true
P004,5,40.0,25,20,15,true
P005,1,20.0,15,10,7,true
P006,2,28.0,18,14,9,true
P007,4,42.0,30,22,18,true
P008,3,33,24,19,13,true
P009,1,26,20,15,11,true
P010,2,30.0,22,18,14,true
P011,5,45.0,35,25,20,true
P012,3,32.0,25,18,13,true
P013,4,38.0,28,20,15,true
P014,2,29.0,21,16,12,true
P015,1,24,18,12,9,true
P016,2,31.0,23,17,13,true
P017,3,36,26,19,15,true
P018,1,22.0,17,13,8,true
P019,5,43.0,34,24,19,true
P020,3,34,27,18,14,true
P030,0,8,2,8,3,false
P031,1,3,2,2,2,false
P043,2,4,8,8,5,false
P048,8,8,5,3,7,false
P041,1,9,7,7,5,false
P054,1,2,2,43,3,false
P123,1,7,2,9,2,false
P198,1,8.0,6,8,4,true
P248,1,6,4,5,1,false
P555,1,3.0,54,3,2,true
P990,1,9.0,8,2,1,true
P556,1,2,2,2,2,false
